1.001	89.4
2.001	191.4
3.437	310.6
4.008	196.7
5.001	158.7
6.0	162.2
7.001	95.1
8.088	150.4
9.0	103.2
10.005	85.5
11.041	109.2
12.0	117.3
13.001	83.2
14.002	129.3
15.085	98.1
16.004	116.0
17.0	99.7
18.009	133.8
19.122	105.1
20.0	97.7
21.044	83.4
22.079	270.5
23.0	78.9
24.006	83.5
25.001	102.4
26.006	78.5
27.0	83.9
28.0	86.7
29.0	103.3
30.022	88.2
31.001	89.2
32.01	89.6
33.038	96.4
34.001	93.6
35.004	86.1
36.0	82.4
37.0	134.2
38.001	182.1
39.0	169.0
40.021	90.8
41.038	97.7
42.0	88.3
43.14	99.5
44.077	99.8
45.039	91.1
46.004	93.9
47.002	99.8
48.006	98.1
49.003	84.6
50.008	102.4
51.001	101.9
52.0	108.6
53.038	141.7
54.0	105.6
55.145	131.2
56.083	111.6
57.124	102.8
58.005	118.3
59.0	106.5
60.236	113.4
61.448	425.5
62.097	100.4
63.0	154.1
64.086	124.7
65.001	150.4
66.0	132.4
67.0	132.8
68.0	117.8
69.049	159.0
